1;-44.5;-44.5;-44.5
2;-89.0;-45.5;-44.5
3;-134.5;-45.5;-44.5
4;-180.0;-45.5;-44.5
5;-225.5;-45.5;-44.5
6;-271.0;-45.5;-45.5
7;-316.5;-45.5;-45.5
8;-362.0;-42.5;-45.5
9;-404.5;-11.5;-45.5
10;-416.0;16.5;-45.5
11;-399.5;37.5;37.5
12;-362.0;44.5;37.5
13;-317.5;45.5;37.5
14;-272.0;45.5;37.5
15;-226.5;45.5;37.5
16;-181.0;45.5;45.5
17;-135.5;45.5;45.5
18;-90.0;45.5;45.5
19;-44.5;45.5;45.5
20;1.0;45.5;45.5
21;46.5;45.5;45.5
22;92.00000000000001;45.5;45.5
23;137.5;45.5;45.5
24;183.0;45.5;45.5
25;228.5;45.5;45.5
26;274.0;45.5;45.5
27;319.5;44.5;45.5
28;364.0;44.5;45.5
29;408.5;42.5;45.5
30;451.0;37.5;45.5
31;488.5;26.5;26.5
32;515.0;16.5;26.5
33;531.5;-11.5;26.5
34;520.0;-32.5;26.5
35;487.5;-37.5;26.5
36;450.0;-43.50000000000001;-43.50000000000001
37;406.5;-45.5;-43.50000000000001
38;361.0;-45.5;-43.50000000000001
39;315.5;-44.5;-43.50000000000001
40;271.0;-34.5;-43.50000000000001
41;236.5;-29.5;-29.5
42;207.0;-24.5;-29.5
43;182.5;-8.5;-29.5
44;174.0;6.5;-29.5
45;180.5;11.5;-29.5
46;192.0;17.5;17.5
47;209.5;19.5;17.5
48;229.0;8.5;17.5
49;237.5;-13.5;17.5
50;224.0;-24.5;17.5
51;199.5;-29.5;-29.5
52;170.0;-32.5;-29.5
53;137.5;-32.5;-29.5
54;105.0;-16.5;-29.5
55;88.5;10.5;-29.5
56;99.0;20.5;20.5
57;119.5;31.5;20.5
58;151.0;38.5;20.5
59;189.5;33.5;20.5
60;223.0;18.5;20.5
61;241.5;2.5;2.5
62;244.0;-18.5;2.5
63;225.5;-34.5;2.5
64;191.0;-40.5;2.5
65;150.5;-44.5;2.5
66;106.0;-45.5;-45.5
67;60.50000000000001;-44.5;-45.5
68;16.0;-38.5;-45.5
69;-22.5;-27.5;-45.5
70;-50.0;-1.5;-45.5
71;-51.5;6.5;6.5
72;-45.0;21.5;6.5
73;-23.5;27.5;6.5
74;4.0;26.5;6.5
75;30.5;24.5;6.5
76;55.0;20.5;20.5
77;75.50000000000001;17.5;20.5
78;93.00000000000001;2.5;20.5
79;95.50000000000001;-13.5;20.5
80;82.00000000000001;-24.5;20.5
81;57.5;-35.5;-35.5
82;22.0;-37.5;-35.5
83;-15.5;-28.5;-35.5
84;-44.0;-13.5;-35.5
85;-57.5;-3.5;-35.5
86;-61.00000000000001;7.5;7.5
87;-53.50000000000001;11.5;7.5
88;-42.0;21.5;7.5
89;-20.5;22.5;7.5
90;2.0;21.5;7.5
91;23.5;21.5;21.5
92;45.0;21.5;21.5
93;66.5;6.5;21.5
94;73.00000000000001;1.5;21.5
95;74.5;-9.5;21.5
96;65.0;-18.5;-18.5
97;46.5;-24.5;-18.5
98;22.0;-21.5;-18.5
99;0.5;-10.5;-18.5
100;-10.0;-5.5;-18.5
101;-15.5;1.5;1.5
102;-14.0;10.5;1.5
103;-3.5;21.5;1.5
104;18.0;24.5;1.5
105;42.5;25.5;1.5
106;68.00000000000001;24.5;24.5
107;92.5;20.5;24.5
108;113.0;-0.5;24.5
109;112.5;-16.5;24.5
110;96.00000000000001;-31.5;24.5
111;64.5;-37.5;-37.5
112;27.0;-39.5;-37.5
113;-12.5;-35.5;-37.5
114;-48.00000000000001;-8.5;-37.5
115;-56.5;7.5;-37.5
116;-49.0;23.5;23.5
117;-25.5;28.5;23.5
118;3.0;36.5;23.5
119;39.5;36.5;23.5
120;76.00000000000001;28.5;23.5
121;104.5;22.5;22.5
122;127.0;13.5;22.5
123;140.5;-2.5;22.5
124;138.0;-18.5;22.5
125;119.5;-28.5;22.5
126;91.0;-34.5;-34.5
127;56.5;-34.5;-34.5
128;22.0;-15.5;-34.5
129;6.5;11.5;-34.5
130;18.0;27.5;-34.5
131;45.5;31.5;31.5
132;77.0;37.5;31.5
133;114.5;27.5;31.5
134;142.0;-3.5;31.5
135;138.5;-25.5;31.5
136;113.0;-35.5;-35.5
137;77.5;-40.5;-35.5
138;37.0;-43.50000000000001;-35.5
139;-6.5;-43.50000000000001;-35.5
140;-50.0;-24.5;-35.5
141;-74.5;-3.5;-3.5
142;-78.00000000000001;22.5;-3.5
143;-55.50000000000001;38.5;-3.5
144;-17.0;45.5;-3.5
145;28.5;45.5;-3.5
146;74.0;40.5;40.5
147;114.5;29.5;40.5
148;144.0;-8.5;40.5
149;135.5;-34.5;40.5
150;101.0;-45.5;40.5
151;55.50000000000001;-45.5;-45.5
152;10.0;-45.5;-45.5
153;-35.5;-42.5;-45.5
154;-78.00000000000001;6.5;-45.5
155;-71.5;34.5;-45.5
156;-37.0;40.5;40.5
157;3.5;43.50000000000001;40.5
158;47.0;44.5;40.5
159;91.5;39.5;40.5
160;131.0;18.5;40.5
161;149.5;2.5;2.5
162;152.0;-6.5;2.5
163;145.5;-6.5;2.5
164;139.0;-13.5;2.5
165;125.5;-14.5;2.5
166;111.0;1.5;1.5
167;112.5;17.5;1.5
168;130.0;33.5;1.5
169;163.5;41.5;1.5
170;205.0;41.5;1.5
171;246.5;39.5;39.5
172;286.0;35.5;39.5
173;321.5;33.5;39.5
174;355.0;36.5;39.5
175;391.5;37.5;39.5
176;429.0;7.5;7.5
177;436.5;1.5;7.5
178;438.0;13.5;7.5
179;451.5;19.5;7.5
180;471.0;24.5;7.5
181;495.5;30.5;30.5
182;526.0;33.5;30.5
183;559.5;32.5;30.5
184;592.0;27.5;30.5
185;619.5;18.5;30.5
186;638.0;13.5;13.5
187;651.5000000000001;2.5;13.5
188;654.0;-2.5;13.5
189;651.5000000000001;-12.5;13.5
190;639.0000000000001;-20.5;13.5
191;618.5;-31.5;-26.5
192;587.0;-35.5;-26.5
193;551.5;-39.5;-26.5
194;512.0;-40.5;-26.5
195;471.5;-40.5;-26.5
196;431.0;-39.5;-39.5
197;391.5;-36.5;-39.5
198;355.0;-26.5;-39.5
199;328.5;-5.5;-39.5
200;323.0;10.5;-39.5
201;333.5;14.5;14.5
202;348.0;20.5;14.5
203;368.5;24.5;14.5
204;393.0;8.5;14.5
205;401.5;3.5;14.5
206;405.0;-1.5;-1.5
207;403.5;-12.5;-1.5
208;391.0;-23.5;-1.5
209;367.5;-33.5;-1.5
210;334.0;-38.5;-1.5
211;295.5;-39.5;-39.5
212;256.0;-30.5;-39.5
213;225.5;-2.5;-39.5
214;223.0;18.5;-39.5
215;241.5;29.5;-39.5
216;271.0;33.5;33.5
217;304.5;33.5;33.5
218;338.0;6.5;33.5
219;344.5;-21.5;33.5
220;323.0;-32.5;33.5
221;290.5;-37.5;-37.5
222;253.0;-40.5;-37.5
223;212.5;-40.5;-37.5
224;172.0;-8.5;-37.5
225;163.5;-2.5;-37.5
226;161.0;-2.5;-2.5
227;158.5;-3.5;-2.5
228;155.0;-3.5;-2.5
229;151.5;-23.5;-2.5
230;128.0;-33.5;-2.5
231;94.50000000000001;-33.5;-33.5
232;61.00000000000001;-12.5;-33.5
233;48.50000000000001;16.5;-33.5
234;65.0;32.5;-33.5
235;97.5;37.5;-33.5
236;135.0;41.5;41.5
237;176.5;40.5;41.5
238;217.0;32.5;41.5
239;249.5;-2.5;41.5
240;247.0;-38.5;41.5
241;208.5;-43.50000000000001;-43.50000000000001
242;165.0;-43.50000000000001;-43.50000000000001
243;121.5;-45.5;-43.50000000000001
244;76.00000000000001;-41.5;-43.50000000000001
245;34.5;-19.5;-43.50000000000001
246;15.0;-3.5;-3.5
247;11.5;11.5;-3.5
248;23.0;19.5;-3.5
249;42.5;25.5;-3.5
250;68.00000000000001;23.5;-3.5
251;91.5;20.5;20.5
252;112.0;6.5;20.5
253;118.5;-14.5;20.5
254;104.0;-19.5;20.5
255;84.50000000000001;-30.5;20.5
256;54.0;-36.5;-36.5
257;17.5;-31.5;-36.5
258;-14.0;-15.5;-36.5
259;-29.5;4.5;-36.5
260;-25.0;20.5;-36.5
261;-4.5;25.5;25.5
262;21.0;27.5;25.5
263;48.50000000000001;17.5;25.5
264;66.00000000000001;-4.5;25.5
265;61.5;-32.5;25.5
266;29.0;-40.5;-40.5
267;-11.5;-40.5;-40.5
268;-52.0;-23.5;-40.5
269;-75.50000000000001;15.5;-40.5
270;-60.0;30.5;-40.5
271;-29.5;39.5;39.5
272;10.0;42.5;39.5
273;52.5;41.5;39.5
274;94.0;31.5;39.5
275;125.5;10.5;39.5
276;136.0;0.5;0.5
277;136.5;-10.5;0.5
278;126.0;-25.5;0.5
279;100.5;-30.5;0.5
280;70.0;-30.5;0.5
281;39.5;-22.5;-22.5
282;17.0;-0.5;-22.5
283;16.5;24.5;-22.5
284;41.00000000000001;35.5;-22.5
285;76.5;40.5;-22.5
286;117.0;41.5;41.5
287;158.5;31.5;41.5
288;190.0;9.5;41.5
289;199.5;-13.5;41.5
290;186.0;-34.5;41.5
291;151.5;-41.5;-41.5
292;110.0;-41.5;-41.5
293;68.50000000000001;-4.5;-41.5
294;64.0;32.5;-41.5
295;96.5;37.5;-41.5
296;134.0;41.5;41.5
297;175.5;39.5;41.5
298;215.0;29.5;41.5
299;244.5;-26.5;41.5
300;218.0;-43.50000000000001;41.5
301;174.5;-45.5;-45.5
302;129.0;-45.5;-45.5
303;83.5;-45.5;-45.5
304;38.0;-45.5;-45.5
305;-7.5;-35.5;-45.5
306;-43.0;-24.5;-24.5
307;-67.5;0.5;-24.5
308;-67.0;10.5;-24.5
309;-56.5;26.5;-24.5
310;-30.0;31.5;-24.5
311;1.5;31.5;31.5
312;33.0;23.5;31.5
313;56.5;2.5;31.5
314;59.0;-19.5;31.5
315;39.5;-35.5;31.5
316;4.0;-39.5;-39.5
317;-35.5;-42.5;-39.5
318;-78.00000000000001;-34.5;-39.5
319;-112.5;-0.5;-39.5
320;-113.0;15.5;-39.5
321;-97.5;24.5;24.5
322;-73.00000000000001;35.5;24.5
323;-37.5;35.5;24.5
324;-2.0;26.5;24.5
325;24.5;10.5;24.5
326;35.0;-5.5;-5.5
327;29.5;-21.5;-5.5
328;8.0;-32.5;-5.5
329;-24.5;-39.5;-5.5
330;-64.0;-39.5;-5.5
331;-103.5;-29.5;-34.5
332;-133.0;-2.5;-34.5
333;-135.5;30.5;-34.5
334;-105.0;39.5;-34.5
335;-65.50000000000001;45.5;-34.5
336;-20.0;45.5;45.5
337;25.5;45.5;45.5
338;71.00000000000001;-1.5;45.5
339;69.5;-33.5;45.5
340;36.0;-40.5;45.5
341;-4.5;-43.50000000000001;-43.50000000000001
342;-48.00000000000001;-44.5;-43.50000000000001
343;-92.5;-39.5;-43.50000000000001
344;-132.0;27.5;-43.50000000000001
345;-104.5;37.5;-43.50000000000001
346;-67.0;44.5;44.5
347;-22.5;45.5;44.5
348;23.0;45.5;44.5
349;68.50000000000001;29.5;44.5
350;98.00000000000001;3.5;44.5
351;101.5;-6.5;-6.5
352;95.0;-22.5;-6.5
353;72.5;-36.5;-6.5
354;36.0;-38.5;-6.5
355;-2.5;-37.5;-6.5
356;-40.0;-34.5;-34.5
357;-74.5;-23.5;-34.5
358;-98.00000000000001;-10.5;-34.5
359;-108.5;-2.5;-34.5
360;-111.0;1.5;-34.5
361;-109.5;0.5;0.5
362;-109.0;-10.5;0.5
363;-119.5;-38.5;0.5
364;-158.0;-43.50000000000001;0.5
365;-201.5;-45.5;0.5
366;-247.0;-47.5;-47.5
367;-294.5;-46.5;-47.5
368;-341.0;-46.5;-47.5
369;-387.5;-46.5;-47.5
370;-434.0;-46.5;-47.5
371;-480.5;-46.5;-46.5
372;-527.0;-46.5;-46.5
373;-573.5;-46.5;-46.5
374;-620.0;-46.5;-46.5
375;-666.5;-46.5;-46.5
376;-713.0;-46.5;-46.5
377;-759.5;-46.5;-46.5
378;-806.0;-46.5;-46.5
379;-852.5;-46.5;-46.5
380;-899.0;-37.5;-46.5
381;-936.5;-10.5;-10.5
382;-947.0000000000001;16.5;-10.5
383;-930.5;32.5;-10.5
384;-898.0;40.5;-10.5
385;-857.5000000000001;41.5;-10.5
386;-816.0;42.5;42.5
387;-773.5;41.5;42.5
388;-732.0;41.5;42.5
389;-690.5;36.5;42.5
390;-654.0;31.5;42.5
391;-622.5000000000001;28.5;28.5
392;-594.0;21.5;28.5
393;-572.5000000000001;18.5;28.5
394;-554.0;11.5;28.5
395;-542.5;5.5;28.5
396;-537.0;-2.5;-2.5
397;-539.5;-3.5;-2.5
398;-543.0;5.5;-2.5
399;-537.5;11.5;-2.5
400;-526.0;13.5;-2.5
401;-512.5;12.5;12.5
402;-500.0;10.5;12.5
403;-489.5;12.5;12.5
404;-477.0;14.5;12.5
405;-462.5;17.5;12.5
406;-445.0;20.5;20.5
407;-424.5;18.5;20.5
408;-406.0;17.5;20.5
409;-388.5;19.5;20.5
410;-369.0;17.5;20.5
411;-351.5;14.5;14.5
412;-337.0;11.5;14.5
413;-325.5;11.5;14.5
414;-314.0;11.5;14.5
415;-302.5;10.5;14.5
416;-292.0;14.5;14.5
417;-277.5;18.5;14.5
418;-259.0;22.5;14.5
419;-236.5;26.5;14.5
420;-210.0;28.5;14.5
421;-181.5;27.5;27.5
422;-154.0;26.5;27.5
423;-127.5;8.5;27.5
424;-119.0;-12.5;27.5
425;-131.5;-23.5;27.5
426;-155.0;-31.5;-31.5
427;-186.5;-27.5;-31.5
428;-214.0;-7.5;-31.5
429;-221.5;14.5;-31.5
430;-207.0;27.5;-31.5
431;-179.5;32.5;32.5
432;-147.0;34.5;32.5
433;-112.5;18.5;32.5
434;-94.0;-2.5;32.5
435;-96.5;-23.5;32.5
436;-120.0;-33.5;-33.5
437;-153.5;-14.5;-33.5
438;-168.0;37.5;-33.5
439;-130.5;41.5;-33.5
440;-89.0;42.5;-33.5
441;-46.5;42.5;42.5
442;-4.0;42.5;42.5
443;38.5;40.5;42.5
444;79.0;34.5;42.5
445;113.5;41.5;42.5
446;155.0;40.5;40.5
447;195.5;41.5;40.5
448;237.0;41.5;40.5
449;278.5;42.5;40.5
450;321.0;41.5;40.5
